camera_matrix:
- [588.4115490827696, 0.0, 335.1608206000879]
- [0.0, 588.5049647678452, 245.16481148771499]
- [0.0, 0.0, 1.0]
dist_coeff:
- [-0.023260195288297612, 0.2203114760230902, -0.0011843594299521755, -0.00013586365877137654,
  -0.9100273681238875]
optimised_camera_matrix:
- [447.8314514160156, 0.0, 388.5070536453204]
- [0.0, 420.5644226074219, 266.2843421401976]
- [0.0, 0.0, 1.0]
