camera_matrix:
- [1550.3128838250968, 0.0, 989.8392207105462]
- [0.0, 1547.9845574639114, 530.6902217920854]
- [0.0, 0.0, 1.0]
dist_coeff:
- [0.16294026414561255, -1.0866409050558183, -0.004699292956060393, 0.0060844069813354535,
  4.164406284534621]
optimised_camera_matrix:
- [1883.2210693359375, 0.0, 961.7482922972486]
- [0.0, 1930.6263427734375, 531.0729455625114]
- [0.0, 0.0, 1.0]
reprojection_err: 0.21860895284584608
